0 K

a0 = 3.3 A

C11 = 263.56 GPa
C12 = 125.28 GPa
C44 = 35.03 GPa

USFE = 604.87

------

300 K

a0 = 3.297 A

C11 = 231.788 GPa
C12 = 123.603 GPa
C44 = 35.603 GPa

USFE = 594.716279

------

600 K

a0 = 3.299 A

C11 = 213.336 GPa
C12 = 126.214 GPa
C44 = 35.859 GPa

USFE = 585.177665

------

900 K

a0 = 3.307 A

C11 = 184.389 GPa
C12 = 130.464 GPa
C44 = 29.517 GPa

USFE = 551.443600